              precision    recall  f1-score   support

           0       1.00      1.00      1.00       440
           1       0.97      0.97      0.97       409
           2       0.96      0.98      0.97       384
           3       0.95      0.98      0.97       398
           4       0.98      0.96      0.97       369
           5       0.97      0.94      0.95       378

   micro avg       0.97      0.97      0.97      2378
   macro avg       0.97      0.97      0.97      2378
weighted avg       0.97      0.97      0.97      2378

100.00	0.00	0.00	0.00	0.00	0.00	
0.00	97.07	0.24	0.98	0.73	0.98	
0.00	0.26	97.92	0.52	0.00	1.30	
0.00	0.75	0.00	98.24	0.75	0.25	
0.00	0.81	0.54	2.17	96.48	0.00	
0.00	1.32	3.17	1.59	0.26	93.65	
