              precision    recall  f1-score   support

           0       1.00      1.00      1.00       422
           1       0.94      0.85      0.89       456
           2       0.96      0.92      0.94       416
           3       0.74      0.97      0.84       527
           4       0.99      0.82      0.90       417
           5       0.97      0.90      0.93       406

   micro avg       0.91      0.91      0.91      2644
   macro avg       0.93      0.91      0.92      2644
weighted avg       0.92      0.91      0.91      2644

100.00	0.00	0.00	0.00	0.00	0.00	
0.00	84.87	0.22	13.16	0.44	1.32	
0.00	0.24	92.31	6.49	0.00	0.96	
0.00	1.90	0.57	96.58	0.57	0.38	
0.00	1.20	0.24	16.07	82.25	0.24	
0.00	2.22	2.96	5.17	0.00	89.66	
